470 470
290 209
270 34
71 446
142 376
371 400
89 93
287 444
370 9
152 211
413 14
415 450
434 437
386 191
444 429
425 221
19 104
104 183
383 430
429 343
180 84
406 155
278 159
85 282
193 360
1 414
107 456
417 238
9 175
112 226
9 454
7 364
345 140
404 415
252 426
0 75
449 359
371 1
384 363
143 295
418 461
78 218
249 409
268 362
272 174
367 83
187 289
71 408
276 71
99 251
180 60
29 20
362 344
411 463
422 406
375 394
421 322
168 371
26 98
407 377
444 384
411 330
227 198
18 460
291 252
444 443
461 7
406 321
91 395
439 147
418 410
270 260
312 452
31 157
458 451
444 78
107 294
184 346
300 333
116 237
358 197
19 32
231 89
142 232
363 17
410 375
195 156
227 224
112 70
78 177
57 383
136 178
429 13
413 341
409 297
385 201
343 12
253 212
342 313
130 67
463 307
208 151
19 291
368 240
145 152
322 143
462 300
226 200
274 459
320 213
178 299
137 372
439 50
57 319
429 256
126 15
193 150
95 327
283 370
198 208
255 357
45 306
462 381
37 39
219 66
342 305
289 262
198 160
281 107
436 5
397 162
105 407
240 171
335 122
393 263
275 113
382 369
188 366
188 281
468 37
33 144
348 390
8 418
58 82
327 441
335 312
103 427
224 52
169 153
100 135
283 56
94 247
291 0
404 142
381 326
328 353
394 11
81 323
12 336
134 128
276 272
315 65
134 96
438 229
136 173
340 351
219 95
221 6
19 215
127 246
330 28
170 210
410 287
24 296
129 453
363 267
119 388
382 399
240 154
137 189
109 424
287 304
350 464
350 279
362 3
443 348
285 332
255 235
227 131
72 58
422 129
178 97
425 165
356 438
70 228
304 457
266 331
186 119
8 187
345 22
423 36
457 233
467 138
183 121
177 57
31 417
143 241
183 379
444 349
163 136
231 298
281 310
122 202
95 47
283 31
283 73
332 133
227 391
349 94
91 179
184 51
386 92
283 19
349 342
106 182
310 167
4 361
238 222
319 465
394 264
32 449
68 134
79 439
187 168
169 239
348 25
420 315
118 141
300 48
249 103
298 123
226 404
31 367
311 88
12 334
431 398
284 469
455 130
8 318
288 16
200 180
393 35
10 347
122 54
1 380
468 170
68 195
186 270
330 277
318 382
253 230
302 249
327 111
13 311
257 419
8 425
378 172
429 340
52 420
254 392
105 397
385 231
423 40
119 352
160 69
359 33
45 403
337 199
268 324
310 401
98 76
409 329
351 186
417 458
309 447
81 355
103 38
56 320
200 118
445 354
418 455
70 206
328 46
100 314
410 276
324 110
163 108
256 290
320 68
29 42
157 109
443 413
24 259
461 242
420 126
118 161
32 345
285 18
436 271
173 405
205 81
370 434
266 64
438 62
130 181
407 245
356 275
129 243
400 365
135 254
47 293
94 145
415 258
79 288
72 358
36 274
170 316
13 163
37 402
177 433
18 422
315 80
288 26
282 158
410 468
4 115
378 114
322 431
126 339
298 102
431 190
215 188
290 2
195 120
224 253
278 149
106 435
332 416
10 176
214 223
52 41
131 278
58 86
109 445
287 462
383 27
319 207
56 29
463 72
218 257
73 255
23 385
467 74
242 273
397 432
410 23
98 194
33 225
218 220
19 8
85 421
147 91
173 53
55 164
304 423
269 368
381 442
8 112
203 440
26 467
466 77
208 280
354 124
312 101
221 146
242 43
343 337
254 303
165 286
152 117
419 428
283 79
434 139
418 411
384 378
289 61
203 412
287 285
359 386
367 137
391 284
400 132
337 261
429 227
227 31
302 308
449 335
73 4
458 373
135 436
457 205
157 309
83 185
455 328
160 325
264 106
466 44
419 49
89 338
340 184
368 24
445 393
418 217
55 166
127 196
168 90
351 356
391 99
375 127
421 301
205 10
83 63
217 302
287 268
7 216
165 236
248 317
31 85
264 55
131 269
238 448
284 389
311 192
215 266
116 87
99 374
212 169
36 116
358 250
104 203
252 265
217 100
269 387
354 204
309 105
272 125
274 244
0 59
257 248
145 466
256 45
282 148
248 21
318 214
275 396
23 219
212 350
147 193
47 30
324 292
214 234
