6960 6998
174 6105
594 190
3543 11
3292 379
1459 4939
1905 1406
4522 4480
5396 232
5302 3653
6561 2567
4561 4679
2206 568
771 4383
6183 1236
6696 4132
3524 3541
5673 5615
1062 3804
3646 5557
6618 1824
6359 852
1348 5509
4949 5419
2328 3792
152 3044
4058 1431
3955 417
3479 6447
3701 2800
6253 3263
2042 2921
2275 5096
4838 4766
5007 5904
2454 6205
6177 5716
6543 4499
781 5357
2962 2188
4969 5454
6243 5570
3076 4779
6812 1263
977 5034
4962 524
5885 4437
4341 3127
3341 2203
1033 1607
971 6452
1700 4216
1158 6718
2487 5953
5488 3463
4467 6864
4126 2737
1000 2488
3907 2764
1185 6167
921 4322
549 2884
357 6354
725 5015
4790 4019
344 6889
1699 404
491 1082
4049 4458
1182 5260
2826 1398
2080 1053
974 5659
6345 3504
179 659
4189 4130
4451 5215
3695 1985
3155 5347
6177 4320
1017 4265
778 2087
2586 818
5764 2643
5064 4385
5968 2665
3691 1673
1879 3057
5385 1407
4091 556
5810 1444
112 802
552 5141
217 2532
6385 117
3099 1357
2330 914
121 2851
6949 2007
6336 3316
181 4645
5060 3957
5984 2199
1225 5571
236 3628
2704 3587
186 878
3419 152
2786 3788
1832 5188
4609 3206
3970 6626
3139 6394
3954 1623
5244 2603
6065 4171
5954 6880
1644 3331
2675 4984
1450 2345
4508 1793
1187 1750
5967 4007
4983 5224
6919 594
1126 4339
4443 6648
5463 6338
146 6097
1015 5186
3449 2871
5255 6351
6525 1789
3571 3343
1694 2481
1427 4295
1905 3271
1787 385
4962 607
1760 5044
5421 5047
802 1706
609 6322
6364 4257
4038 2729
877 2189
4435 2992
3834 493
3255 4992
2852 2868
2374 1839
1047 895
4859 6442
5912 2535
923 3089
6193 5984
495 6810
1757 2934
5947 4028
4319 1730
440 3793
1436 4953
5517 3995
948 3005
6082 1483
4756 2194
6673 3139
3605 6875
4580 257
1562 4663
6445 1045
2741 2284
3491 954
3754 3940
6146 3091
5385 5332
904 3755
6344 2122
3559 1351
2442 1371
2492 3575
5693 6572
167 3080
1402 1124
4511 2956
6828 824
3060 3734
6533 437
4202 6701
3766 3872
2657 3047
1121 1954
4538 2714
5883 1609
6376 6221
1775 3977
6665 6178
3304 2735
1699 6118
6295 5353
6364 3450
1598 1062
6372 4020
5758 911
786 1980
4849 5081
5264 189
2837 4131
4008 5429
4361 4603
4597 5209
2810 4996
4570 6613
4176 4166
3232 5941
3348 4254
1578 138
3748 3858
6806 1878
5305 2691
1488 4009
4194 1434
6775 1143
5019 4394
1138 5506
5484 2323
4074 616
3187 5667
5326 6420
2261 6678
6397 322
605 1667
1313 2726
5103 4235
2030 2543
6845 1488
1065 297
992 1798
1739 1736
350 1055
341 4972
1357 4670
3521 5207
677 2152
4474 1084
2896 6811
723 3710
4342 6251
3934 3576
159 2337
543 561
564 1213
4484 2644
3741 4821
1742 4058
635 1997
6014 3810
1961 98
2872 6862
1215 1355
6067 2685
6379 704
6086 2568
306 3608
6519 1576
2985 1682
3477 5828
3994 3379
2085 5498
2418 834
6059 5695
2145 4598
5488 327
6755 1484
5792 6814
2816 1891
3750 5172
3390 3688
6261 490
1779 1786
4542 3437
5756 5132
5115 2292
3935 859
6267 5291
5171 5809
5147 5388
3097 3768
697 5652
6094 1372
2028 1451
3519 4060
5237 3518
5605 3966
2402 5003
2397 3556
2086 4396
4554 3434
1999 4764
5501 2791
6046 5382
78 6459
3974 6421
3771 6712
4530 1772
3518 1542
4797 4344
5187 3735
3309 6959
98 3194
2528 1429
286 259
3145 1811
3765 4280
6611 6848
3301 2619
6364 4114
6295 3125
2514 2348
3697 1745
562 2923
5445 2517
1170 3676
4531 1077
1599 4255
5193 5309
514 2945
2858 3762
3180 5482
6779 2599
446 5871
6415 1232
2793 2796
5021 1581
733 3444
5027 4101
828 4363
6010 5133
5968 5915
896 3460
4281 3638
3357 2728
399 6668
6677 6682
4033 1616
6657 5607
40 3082
5796 2353
4521 3113
3913 5334
1800 940
6142 2732
4738 4172
6048 1295
1148 3101
6438 192
6809 160
3188 2307
5027 5673
3129 3353
411 4856
1895 751
6173 6429
1607 3051
4028 1269
611 1813
4840 932
6451 6859
1733 1325
4010 4786
5185 445
4384 4857
4157 6016
5222 1114
5081 3725
6231 1008
4780 386
6928 1653
5784 3065
5058 2392
4743 1447
2830 1921
1854 5732
2641 5992
6055 3988
4772 2382
5184 1259
861 6063
435 6197
4940 3119
913 6484
1996 3925
4189 2029
6747 4488
6040 3656
3876 305
1598 908
2938 1337
3539 739
3716 985
2679 1081
1697 3209
6031 1288
5681 143
1782 2227
2725 2748
3819 6004
2229 4229
3168 5678
3947 5032
1916 5782
921 353
5159 1884
884 450
5213 4618
4572 5626
5690 1879
4246 1826
5205 2681
5867 6702
1688 1338
6657 4478
1694 912
6817 4204
5478 6667
4262 976
3719 4237
3551 3806
4629 1630
752 1071
335 199
5863 855
1598 1209
2960 2686
6718 6273
4048 6804
4287 6597
6269 5751
2692 959
6636 64
1211 1737
1183 2118
6544 2641
4375 255
5098 4041
4936 1508
482 5877
5714 3143
1481 3709
3357 3714
3370 1099
821 282
5694 5682
5865 6627
2393 4381
6672 3097
6332 4497
5057 5869
6486 2037
3167 2627
2511 3907
3870 5418
3800 1393
3898 2946
2044 6761
6082 1514
1496 1166
1455 2899
3579 4676
5868 5609
2084 676
2108 3366
1380 1494
6272 5336
5363 4825
810 2544
5303 5836
1591 6000
1811 1933
2881 6365
5023 3350
6438 2380
480 6374
6825 3166
5628 4792
3476 2736
1912 1229
320 5151
5332 3430
3399 3292
3798 6505
5767 1548
2481 2079
5170 1220
4321 6839
4453 4712
1145 3997
5908 4358
6301 5495
5761 2520
5883 1050
218 1274
6626 2719
6454 949
2691 6506
367 6781
1824 6075
3259 4104
2500 579
2362 1995
6906 5601
6894 2432
2369 2168
4239 3607
2966 2741
2402 4799
3715 2073
1844 6580
5023 5810
768 2892
1771 1591
4128 2631
4976 5757
5543 4366
3387 1432
5981 141
350 6260
2604 529
6046 2161
1508 4593
6409 5955
2655 4188
2395 6371
1455 4626
4976 6266
4300 1093
6269 6113
133 6818
5023 326
5852 6742
6493 3167
1043 1276
4259 3112
6563 1187
6373 930
5351 3652
5356 6410
260 4781
1153 162
1079 631
6219 6930
700 3914
3010 436
700 392
4677 6141
3731 1237
415 5218
5975 773
4012 5154
2591 5645
6913 128
5188 4301
860 5178
1093 1717
6094 4905
5257 3784
2480 5457
6206 3846
392 2909
4599 3267
6263 3076
5823 5886
6176 278
6201 1771
6149 2891
5713 5370
3375 4376
2488 1134
6657 4005
6522 1343
5322 3252
1164 5265
2785 1170
2149 4776
1589 6782
1933 5244
210 6802
406 3845
710 4588
4378 3985
5912 5256
2330 877
5532 2510
4692 5852
5242 3765
734 291
3364 165
2327 945
3053 4949
121 1831
6615 4520
4076 271
423 3323
5044 6393
3145 3492
5981 5424
6625 6099
6190 1666
5806 523
3492 3412
3134 3009
922 6392
5444 2232
2098 5859
3277 5707
4425 4184
1060 2581
131 828
2492 2441
4010 6456
2668 4263
2802 3799
3479 397
2503 3000
3822 132
1017 5868
1716 2373
1316 2001
1637 6523
4123 1558
6031 6838
6282 6244
2559 1539
3002 3270
4058 3240
792 4587
3173 455
2368 4831
1801 3604
3490 942
6041 2916
108 6359
3884 749
1883 4944
3529 4871
6344 6189
908 3964
4273 1968
2311 1199
4153 4911
6584 2080
1663 3489
3556 879
5969 1507
956 1716
860 763
3232 4429
4685 2738
964 973
6421 2417
5442 3067
538 457
1610 5435
6679 4879
3425 3756
1892 2329
969 5379
6271 1020
3365 4258
3614 6274
2648 2376
2324 4629
6826 3367
364 6182
530 3521
5762 3128
1514 5074
1965 5488
1253 3861
6801 4643
2563 119
1219 6796
1523 5225
2579 4270
749 1796
1116 3118
4095 6573
6764 4632
1382 1506
3735 1612
821 4714
3389 4403
3861 2158
4498 4739
754 5531
5889 215
5715 465
1822 480
709 1445
3296 5914
174 5588
1822 4112
4290 6319
6556 6038
5528 5727
3968 2594
2821 3279
5813 4455
6903 5995
2906 4866
2610 804
4983 5866
4746 182
6220 6581
3387 6665
5071 1755
2011 1026
564 3205
335 5450
6439 1021
3596 1964
3807 3126
4886 3787
6812 3596
6061 1148
1932 4888
3589 3923
3945 2137
6672 72
4095 5689
1603 6397
6117 2319
6452 6530
1245 1367
2477 1046
5729 5573
2649 6851
5355 6224
660 762
4248 5787
3855 4299
3648 5569
5698 6
4111 3110
1592 5459
1982 2403
2664 3154
4017 5754
2094 871
5947 527
934 2811
169 5830
367 4910
2606 2780
3687 3448
2359 1275
2503 4357
17 6250
695 3274
1378 6364
3430 2597
303 2925
4333 5785
3681 4760
1206 826
4555 2730
3387 6506
5481 3334
748 3659
6943 4176
5376 5979
4141 5433
2741 3717
4391 6448
2799 3553
1033 666
3898 4691
6693 5343
3797 5987
3582 6255
5476 6592
4565 1956
1810 4374
2640 2464
6111 4770
5257 5648
5353 2231
1565 5552
6779 3398
3940 4797
3821 5896
4588 3055
630 61
4734 4652
3116 4542
5336 3159
2945 440
2713 5764
2889 3180
4246 367
1633 1711
2795 6676
4719 5924
1183 5668
4640 365
5250 1890
6267 73
2504 2677
5584 4364
5867 1257
4002 2542
595 6414
5602 2819
6543 5550
2715 3782
3453 5445
1830 2733
4762 5242
2141 1067
4988 5593
4950 1947
6081 4105
1103 306
15 1575
22 1457
858 5184
1158 1932
3624 4425
1966 6660
4696 5738
1124 6450
4367 3268
1402 5055
6677 5842
5044 5164
6690 1135
4795 5538
466 5713
2090 5269
2288 1423
2187 1048
1074 1917
2304 6776
5295 3580
1940 4967
5386 4035
1830 6855
2553 2559
1182 3104
503 833
3398 1611
6760 4965
4814 840
5520 2963
6451 2430
3450 4700
4718 2936
5110 2334
2985 6649
1527 258
1038 4156
4882 4913
5673 6823
4116 1801
6949 2147
6665 3007
1233 4847
3007 2553
5855 1392
3216 4174
130 3362
3139 2239
5064 3821
6777 1775
5655 5235
5500 675
2638 4502
2086 5174
5271 5746
1363 6210
4942 1162
4009 2259
699 5973
6267 4881
4816 4095
1428 2109
2930 4741
5075 3034
5390 1971
4751 2521
1406 2440
2137 2519
511 6225
3839 1317
1009 2653
5830 4706
3985 4515
6856 1986
2281 2593
1355 2318
551 6686
552 6446
3134 3022
1832 4453
2826 4317
1153 6070
6901 5261
3476 645
3646 3458
4316 265
3228 3690
1761 3286
1450 980
6610 4662
5329 6482
2317 5844
610 5608
3616 6474
2847 1169
697 481
1616 4604
6061 5567
3821 668
6409 6501
2377 5613
4026 6379
1490 2852
4147 2019
1791 2585
2675 6898
6319 6330
12 2449
4911 4417
804 351
169 5624
5802 5744
1806 6230
5302 774
3448 4630
5551 1871
1164 4657
1360 4614
1765 6145
1388 5138
6947 2554
1176 2882
1564 2670
3639 6526
1361 4473
1182 1049
52 471
159 6518
4208 5355
2680 5628
3904 3269
2572 2636
6183 5774
1059 53
1438 3945
1315 1370
3177 1953
2651 376
167 700
345 88
4661 206
3504 139
5078 4533
3932 419
5805 3327
3242 6681
4849 3011
137 1147
3845 1860
4386 2081
5503 272
2517 6496
150 2715
3390 4044
4947 5565
2252 1155
5970 5789
3136 498
4104 2797
4429 6909
6804 3848
6194 6715
4831 2119
5861 6611
5518 6460
1110 3903
934 466
4839 4260
2425 3426
815 6565
6277 102
6584 5449
3433 6767
2256 5073
2495 6347
4264 3136
4048 2661
1427 6278
2470 791
2176 6791
757 692
4199 5397
1155 1543
4254 3280
5054 6413
550 155
3469 2890
2120 2010
5478 6786
5628 52
1263 4941
6171 5969
432 3303
5954 6574
4321 1738
3176 5649
540 6491
6226 6126
126 1399
6194 2408
5168 6398
5139 6077
2287 3565
5519 6867
2859 5362
6167 6403
1066 4424
6420 4578
1333 4573
5450 6638
3065 410
4559 176
4102 5456
3765 5366
4723 2705
1227 1703
196 614
2687 6820
2930 273
3851 5432
81 2458
819 147
1689 1999
746 2485
1233 3844
5128 4400
867 104
2287 1120
3110 2776
5875 4045
6319 603
6039 3237
3035 1799
3805 522
1709 2470
5335 4773
3413 4994
5392 4277
1462 6264
6898 4715
3103 1767
4513 4233
148 5467
3221 1872
2842 4341
5364 1102
2628 5030
2133 5901
4316 696
5762 4834
796 881
1353 2872
6649 6085
503 2326
4067 5702
145 2171
4336 2045
1065 5878
4835 5346
5764 2356
828 712
3039 1300
6657 5792
6778 2755
1137 3524
2785 869
5007 1764
2255 456
4556 3040
1122 4103
6432 6552
4219 6624
1553 1091
425 4933
5975 6080
6707 4418
3262 3693
2316 3130
1330 4012
1893 3999
3348 4719
4154 5100
5288 1409
4665 401
2623 3887
4597 5310
654 514
2743 6211
4477 5512
1526 597
4304 6589
4481 6286
6087 5822
1925 4862
1145 544
2314 4224
2145 4954
4746 1806
6937 1693
4085 5704
6644 4160
5377 166
6023 2394
3448 4936
289 5300
5777 4655
177 723
3396 1495
1999 3311
63 6360
5697 4981
6369 1086
1609 3548
5784 3178
948 2761
1358 3703
2680 3300
2044 4855
2221 6196
6378 5719
374 2967
1715 6336
2565 3147
4528 1532
3901 3403
5229 6081
6042 931
5382 6637
6560 3909
1896 3387
2488 3062
6575 2120
4409 1645
4838 179
5782 4642
5237 4915
4179 2386
3039 446
729 6724
257 2480
1483 3906
5675 841
3271 266
6358 2569
5687 664
5169 1287
3981 5743
1299 4597
6943 2873
4031 4198
800 1603
923 5391
2528 4168
1417 2237
1781 4091
3791 6391
5159 5082
2676 2424
89 247
3459 370
6659 1931
6572 5752
5237 6506
5187 3771
508 1762
1657 3296
689 872
3023 5527
228 644
6232 1017
1159 820
4012 2642
2039 2220
5191 3310
3105 2127
779 946
4357 6933
2241 526
786 3696
2569 2763
2317 3340
1986 6485
1407 1455
6216 1652
6460 4924
1801 3817
804 5948
4744 1690
4665 3496
6480 5056
1716 610
3062 2100
623 1916
1944 3172
2123 5255
969 6604
5028 1902
1970 4610
1984 921
2311 7
3529 1322
2975 5252
4662 2579
1800 3122
1687 6358
4884 2249
1838 575
3576 6797
1839 4422
345 5465
1305 6532
4240 4110
834 3499
3997 1700
147 856
6828 4310
6057 1527
3196 4275
327 6784
2 4090
4300 4898
695 1385
451 6788
511 6885
3119 3035
1524 2514
642 890
3309 4284
898 6887
6738 5513
2161 3449
1073 4778
5847 4330
1761 4231
2418 4937
4578 4080
5928 2832
1022 3230
5351 6577
3922 2415
4927 1792
3092 4194
2894 4492
6042 6704
686 1167
1921 706
6764 4410
886 1316
3326 5109
406 3764
1953 3075
6806 201
4159 2068
6012 5002
3023 5228
2287 4725
2709 345
4558 1957
1236 3322
3348 5305
2713 887
4732 994
5796 4469
2478 864
4691 4209
3103 6068
639 5832
6832 609
6794 4522
5842 2913
4180 1776
4202 1929
2036 5038
3974 3037
2822 2167
5293 5720
6153 1803
2040 3523
3884 110
1046 1852
5551 3399
212 1032
4799 3888
216 6056
142 111
3820 1540
2819 2301
6098 1254
3083 95
2889 1493
3303 6569
5218 788
6606 3863
3480 4057
2084 3568
1980 915
3716 6515
6171 3207
1725 2182
5650 442
3912 1256
6466 4148
2999 4124
6590 3537
1550 6164
587 6430
5643 5381
608 624
5237 2339
3092 3010
1920 4290
6666 3595
2607 1230
2472 6666
5320 4285
2806 4830
1689 2604
1492 3851
5062 4571
3815 1641
3617 2896
2374 953
2380 4006
6218 2820
4492 1130
752 1763
3873 5344
5525 3836
2506 961
1749 4411
5486 3583
1790 3487
6113 581
2020 2577
2599 5670
3762 6433
468 3393
3175 3411
1536 2129
2223 531
3513 3124
5005 5800
2527 1925
2490 3004
3753 6062
6331 1272
4530 766
4468 711
1211 593
654 1765
683 5968
1993 3486
1961 4387
1395 2944
369 2235
5685 5838
6705 6558
3801 2848
1147 1880
2843 1403
6309 3686
84 6209
1277 4343
2845 3860
2119 3781
1140 4332
6649 935
3385 303
705 1145
5138 3261
3043 3225
5344 5951
6039 6457
5108 311
2007 1568
3487 4940
3764 356
4388 3637
6336 418
5837 4393
49 6690
829 6043
545 431
2094 4122
3983 2254
5273 3462
6417 6412
2975 3406
5375 2006
829 3481
3037 463
2365 5431
5761 558
4609 451
6590 865
4799 6540
1134 3976
3007 562
2802 4508
1125 5633
1687 6385
1596 3085
992 341
3903 3204
2016 1561
3750 4916
5187 4067
739 4347
5027 6202
745 6142
6692 6032
6150 3211
5848 1972
3058 4627
3604 4541
4924 2977
2488 3145
5354 1090
454 5747
2894 4017
3035 218
911 6356
340 366
5697 4286
354 1496
5652 5875
4492 277
40 5639
2090 3409
6810 6755
659 1699
304 4914
1707 4562
3302 6416
25 4530
3916 2128
1696 1185
3897 5600
1170 5884
3288 3061
4727 2059
3556 1174
4326 4245
5782 756
2521 6181
6774 1578
6783 5966
3695 918
4080 3032
3920 6014
4412 2173
685 173
364 3131
2274 2727
4222 2419
187 2557
707 760
3345 5331
2289 829
6352 1757
4314 2839
6276 1758
1121 6559
6910 2591
3615 2057
5714 5931
2626 2434
1432 3742
5028 1895
5210 3179
2225 6652
3207 3723
4875 3443
1365 6720
779 16
2421 1036
557 3790
4554 2623
601 4201
68 405
666 4077
2058 4472
6561 2869
4937 3801
1578 5214
3945 1712
3759 4787
1363 3572
3116 2938
2507 3512
6360 4169
806 6760
5469 5917
3296 1791
3468 4840
2158 14
5643 1454
5280 703
5838 5646
1603 1005
3187 2049
1260 2541
2715 5041
3136 2931
4648 3008
317 5321
2089 1631
134 798
1947 4628
3062 2387
4835 5507
1243 4801
6310 5284
685 3501
608 4030
379 1724
6173 5528
2288 3716
4542 5835
6455 1562
92 948
1715 3326
5186 1804
4907 276
1389 4824
6684 96
3772 4042
6393 975
2530 3613
6137 2023
1682 5173
6054 885
3202 3811
5387 1674
4855 2422
1681 6735
1496 226
6127 574
4796 1987
4033 2371
6236 3778
6813 6280
222 3447
2392 3517
3375 3056
6042 187
4656 4454
1215 145
5382 4572
4129 632
900 5461
4878 2315
6150 5503
5431 5891
5377 4721
5350 6692
263 4438
6946 4362
2141 4037
1482 5089
2928 2895
705 4026
304 6948
2481 2114
1893 4564
2726 6919
3487 6506
3735 398
3265 1835
6015 6608
87 4929
530 5170
3159 3594
1716 2493
253 1858
5854 4354
127 6653
2506 4654
1419 1842
2988 3320
5867 5288
794 1151
4543 6313
3128 1857
5329 621
6572 4193
3805 3039
4788 1013
309 665
5438 262
3518 4001
680 1347
3159 6306
1741 863
1331 3329
6250 5510
701 1224
4969 1960
3398 2169
4852 1152
1694 6389
2861 5040
4254 1961
3873 6544
4719 654
4011 4971
3831 3193
1966 350
2476 4622
1962 4582
1092 649
4085 4772
1595 4809
5447 633
6151 2589
6424 2255
1209 1150
3105 5874
2387 5519
6372 5159
1854 5149
2044 5998
4796 835
4136 2583
6618 978
3518 1760
2627 1797
4494 1173
5534 2584
4497 5223
849 4475
5731 3852
1430 3282
4561 4579
6472 3585
6224 5268
4538 1010
3749 1914
4172 3422
2734 5653
2324 771
1737 4606
4341 3354
2709 6480
4430 2788
2363 2784
5160 2404
3215 5705
6414 5408
1844 221
3738 3294
4511 699
4360 4336
914 2813
2952 78
2778 2282
4168 709
5662 1597
2347 897
4840 4696
150 4146
3368 4300
1617 2455
1660 5988
5228 1742
1429 4273
3295 336
1822 3615
1712 4973
1847 4734
4524 3905
2099 6146
4265 6478
5862 2684
3571 2460
4756 2226
4843 2787
6823 1681
3439 2003
5108 1988
4186 5147
3425 6114
259 475
420 3474
2553 1955
3908 5359
57 4421
3734 6203
6856 3245
6892 4461
370 1382
4124 4140
6484 4083
540 1405
6718 2598
5251 6071
6826 1179
3970 4239
91 6588
3742 3753
6605 2709
857 3420
68 3133
974 1024
676 3307
3971 4804
6712 3203
551 4698
861 1627
6566 4047
1049 790
2854 2609
3062 2466
2058 3672
3761 4127
3959 2491
5720 332
6625 2492
5924 4251
2672 188
6778 2453
3136 82
2747 3812
1253 3176
6397 5718
913 4435
1346 6713
4150 1592
1696 6908
834 6576
1248 2524
6463 6115
2691 3487
4881 2497
5169 2546
6381 2638
5210 2450
845 6489
2243 927
4845 2984
394 1001
3456 1814
2180 153
6623 3098
4194 5152
3915 1642
5000 3847
3962 1356
5106 429
317 2459
300 3183
2582 4559
6312 1849
2989 135
2761 2395
3657 4159
6411 4369
3300 3254
4031 906
993 338
2153 1934
2632 6897
2842 4155
1812 5521
1986 3829
6081 5731
2267 4416
1039 5371
342 1732
2623 5856
6318 4931
2153 1979
3882 1245
4228 6870
92 847
1645 2217
5683 2781
3513 328
4869 4043
1847 748
6772 5130
4313 5029
25 5583
6341 5157
6783 2132
117 4922
3567 4073
6610 6295
4219 3157
3815 2888
4531 116
3576 5572
6204 5254
2873 6792
3997 4848
6447 2696
5865 4947
89 6312
4909 672
1810 3429
6664 5786
3011 6498
2198 38
5517 5740
6287 2044
3759 6320
2180 4311
5326 4738
5350 2844
6102 2268
2811 6262
2074 6247
1062 1004
3507 4817
2853 1634
2587 4294
2787 5708
424 4594
3010 5957
5331 1582
2524 5231
5806 130
1947 5885
5171 779
5472 1783
6137 1369
6661 5279
6719 209
5486 1848
3389 2253
2001 2570
6279 4355
3728 4580
4460 6159
227 5724
4018 6325
723 6546
4246 4386
1074 2094
6047 5473
5222 4062
1358 245
3480 2615
523 1160
6755 2845
5598 5879
4937 1787
6908 2153
6144 1945
2858 2972
5550 315
4817 4672
3210 3838
3416 6134
3060 5335
2659 6787
4725 6934
5401 4466
4162 679
5755 1515
290 4173
1615 1625
5694 4256
1646 5018
1442 506
5449 3355
4743 2751
63 1065
6345 4157
1536 5623
4911 6008
6673 4539
1382 2384
6186 1633
3198 1309
2182 6369
5064 4880
5270 1516
1521 6699
481 5098
4465 1395
2721 4137
3577 3579
687 1816
2988 1234
1050 4498
1694 5020
4647 5365
224 5258
1775 3711
2907 157
2021 1837
682 1156
919 4942
577 5647
6278 6508
3482 4027
3154 5690
1700 4566
3241 5883
296 6411
5751 4961
948 764
2751 214
2687 6495
611 5876
5739 1132
3790 3442
3894 497
3603 6809
2355 537
6692 3066
3715 3883
251 6731
5070 6551
1876 6110
2788 3932
27 4640
6557 825
3619 2846
5058 6486
6145 5656
2 6736
869 2810
3146 2290
5450 6888
2648 2907
2793 5083
4247 2075
2852 4096
3295 2639
5686 74
3396 1856
746 2320
2487 2707
3808 4923
5469 4404
5704 1223
5463 2973
1029 3278
4052 5471
4109 1590
869 2910
1429 6578
2900 6268
6470 6860
1150 1296
5326 1725
893 6107
3262 4412
928 4186
2100 1689
164 358
593 3881
1975 738
192 813
6015 3238
6078 5351
4524 114
2823 3173
6760 5280
890 4359
3800 6533
3857 3746
3959 352
3841 4752
3870 4690
6137 3757
3577 2624
5869 5870
3945 6289
4480 6487
3814 2688
3926 4970
6179 285
5914 4206
3908 1461
5702 2018
2236 2817
2532 2104
415 965
3507 5986
4314 3253
2565 2731
5142 6087
3729 395
5863 2349
1958 1339
4918 3494
2659 5749
35 5505
4357 4653
2966 3491
1425 6434
5264 3171
1801 6342
3435 1720
6555 5058
2919 1122
2046 1505
4251 1103
3705 3958
6054 2571
878 2699
2072 1031
3940 4181
2135 1832
3127 5051
6663 5903
1 4852
3702 2853
1180 3370
4667 6878
5024 1308
4723 6409
2358 6768
4000 3383
3428 1231
966 6868
1426 3473
1598 3774
3935 4
6247 6443
3008 3059
4946 518
2937 4722
1376 913
6812 5711
2845 4389
791 3036
3471 4943
4529 6871
5331 6579
4735 1672
5355 6254
6575 6778
4954 4609
3215 4979
2630 5817
1710 4900
3702 3317
4892 2654
6146 3750
1655 5232
654 2919
82 4951
1140 5134
858 6902
2721 270
1984 5009
2267 6817
5286 3439
3617 618
5492 5043
3433 4875
4719 1896
4667 6925
1919 3380
4865 4977
4400 1458
5703 5990
4734 4266
2802 364
6480 929
3449 4958
5083 6634
1898 3911
4689 118
2632 2917
4074 4726
6908 5354
5480 1492
5955 5440
4898 4136
5092 4736
1003 2897
1069 23
3790 2997
6174 2607
6432 2272
1623 1661
2640 3591
6470 4495
6332 3505
5809 2862
5396 71
5841 2838
1360 4479
4290 3795
6673 3962
3926 1802
2923 6829
515 4705
6364 3738
6730 1637
31 5801
6611 5807
2852 1079
2753 4187
6669 6158
4671 3899
183 3031
678 5076
2144 6935
1553 2506
6262 1039
2822 84
3947 3975
6751 3733
5484 3219
557 4732
2952 576
6533 1886
1947 4615
4355 2050
805 1373
2786 6018
5779 5693
2065 3507
1361 4894
1303 650
4193 5591
1103 4636
4726 6229
328 4261
1441 598
1779 1057
6030 4496
558 1821
4299 2827
5139 6826
3940 4089
3170 2647
1838 2277
2101 3485
6867 126
5382 6362
1657 3910
2134 2060
544 2442
6441 5641
4918 1043
3408 814
4979 6554
4391 4757
587 2071
6202 1215
1 3691
2339 5052
4938 1546
5602 6023
1595 1899
1768 3216
1739 2155
430 3117
2911 6001
1487 1068
1300 4161
5470 4560
2595 6034
1596 1572
5762 15
3940 487
5311 1277
2074 2288
6664 5558
6710 1244
6745 2855
2190 612
2521 6303
6495 3378
2161 318
1316 1348
4686 6363
3488 2856
702 2243
2433 4955
1918 103
2941 6670
3223 2397
296 6672
4662 6631
5533 4685
2059 36
4387 1918
5211 968
5713 4048
3173 6683
275 3699
1735 613
295 4388
3702 2530
3994 1487
447 3546
2701 4430
1168 6349
3459 4269
4295 3948
2734 170
205 1888
4048 3227
604 298
5550 4568
6013 5200
4598 6174
4333 5781
6381 4784
6424 335
4114 5819
5946 4468
2753 3543
4831 3358
2134 6060
2676 5452
3997 4326
719 6162
2025 5585
6743 115
6559 5111
3698 5420
432 5050
2635 5945
3408 1171
5780 3643
3673 4292
5488 3484
5092 2841
4482 6277
5555 1602
4849 3950
2597 2444
4388 1354
6014 963
4554 993
6587 4519
2527 4088
1184 5855
4489 6593
4603 4762
1933 1800
5685 2311
6505 3155
1993 5054
913 5736
5861 5493
4834 6355
6201 6832
4448 5617
3001 777
6171 4170
492 2971
6127 2357
1497 4040
1020 3408
5731 588
3121 4078
882 4227
4552 1844
4448 2978
2532 3998
5025 6160
35 1319
3873 6522
4089 3006
545 2622
726 4334
1920 2123
2561 2333
442 5788
4999 1889
1711 6248
309 5579
4088 1378
3684 599
3043 6805
2551 4128
678 180
4105 5709
4281 6852
1331 3927
5868 107
4242 6543
2872 4200
1822 2214
4692 4108
6360 2035
4788 3590
3728 862
109 2066
1640 1408
4305 4063
6193 4328
1690 1753
3687 2368
1671 5367
4519 1197
854 5730
3648 6819
4018 2792
3980 462
2289 6204
912 1266
6362 2564
6557 393
4697 6953
1180 6803
6946 6545
2026 1601
4459 5926
6359 1850
3912 3677
618 2061
3882 1920
6613 384
202 3212
642 1466
2527 3660
547 2675
931 1500
6780 842
495 2465
1916 181
2488 2472
397 133
6505 361
1354 6237
4577 729
2188 3152
137 5762
5050 4303
6099 6011
2030 4697
6729 1722
1812 1359
1141 2930
3798 2687
2182 5526
4264 6725
5013 6858
6438 6190
1712 5460
2466 3092
1632 972
934 4361
2999 4191
5085 548
4578 5478
398 2278
6627 6367
1211 4777
116 4433
2379 4625
2064 2898
5199 3387
2452 294
677 5084
2467 3084
4765 2317
2072 653
729 2082
426 2651
792 2833
6173 4660
5999 4800
1254 6727
3301 6921
456 2377
3542 1770
226 4761
2365 5823
6892 1903
6493 4727
2910 3337
2264 3582
3978 0
5445 2826
6823 4718
3153 3763
1103 3833
1348 4963
4401 6929
2499 6037
2115 2002
4819 535
323 3726
2830 2690
4684 6693
5889 3599
1378 5028
387 2115
2994 2257
1492 6245
432 2655
1579 3503
2229 505
1187 5976
919 4029
6263 1982
5888 6417
4695 5436
660 1531
430 2504
4085 5075
6681 4908
2145 4612
5213 3418
5585 70
4171 1400
4109 538
5775 5671
3324 3708
5883 4647
3899 2754
2297 3305
5715 1739
2976 1511
4684 5954
1437 5087
1 4319
5003 5674
5298 6102
4172 5847
147 256
1219 2313
2183 5933
6343 5722
6271 1299
3792 3534
5888 1788
2498 1490
5070 4316
5935 1664
1333 5142
2985 3971
1697 2405
1406 2070
4003 1967
2453 2242
4823 310
6693 6214
6547 784
1742 1363
924 3423
1535 1498
3618 1675
4168 1441
5914 164
6737 5759
1096 4890
2527 1896
5181 2125
2365 6470
5777 6680
2819 6512
1883 3461
5338 986
6245 937
2585 2303
4499 6500
4478 4607
2469 1614
4088 5581
5146 5442
5078 6807
636 5324
1056 6401
1688 2164
3318 623
6 2767
6615 925
1300 3983
6587 3387
4375 3680
5445 6285
1039 4167
397 2861
6659 4356
1257 4351
1981 6030
6845 5698
3587 3664
4727 4835
2470 4240
6035 4440
110 6874
3348 934
2664 2618
2952 6813
475 5795
2431 2218
1134 707
2161 5729
4947 1440
3366 4720
6202 3202
2881 2263
6305 3333
3639 6583
3753 3616
5615 720
4915 1313
5535 1427
3072 1450
4016 6404
5571 3876
6570 2308
4630 6445
2380 1845
6845 806
279 3597
5932 1022
5081 3026
2635 2974
4172 1446
632 1670
6537 6082
1880 3283
6243 5080
5219 4247
2907 5963
3861 673
6958 5494
6586 492
925 2276
1635 3859
4882 989
3910 295
5656 3627
4382 3563
2894 5140
904 4419
2692 2710
4154 4974
547 1074
6736 5278
3543 5511
3791 5750
4222 5293
5584 391
3080 3401
2089 6370
5386 5927
1254 3978
3632 5165
3938 235
4817 655
6064 3241
3412 2327
4661 4036
3777 1959
2753 4521
5984 6893
1377 868
304 5060
2397 3870
2354 4858
1760 2363
5068 2957
1087 2270
3078 3559
4762 6586
3617 652
4573 3284
2933 1172
425 6762
2929 482
4336 944
4995 566
6665 2680
795 2750
4583 1361
1569 801
3820 4537
4089 6051
2017 5455
5248 3377
2454 1186
3706 2502
4104 4493
1720 3697
5941 2299
289 4298
5771 4441
4001 2949
2085 2850
59 3531
3099 2927
2933 1012
1354 6562
5382 5483
1211 3529
287 2857
5543 402
6441 3346
3076 1278
3977 3936
5842 58
5790 4402
704 3655
6576 6103
2743 2876
4570 5106
5871 783
5001 2694
5335 2779
847 2823
3450 5638
4623 1070
3754 4033
4342 2782
6099 1726
1025 4039
5875 4054
489 6186
6755 3545
1227 3273
4727 6423
3676 383
1939 5484
1467 4659
1346 485
5309 4457
1723 6124
4400 4384
2689 6116
129 1781
3342 3737
5696 2766
1293 6323
5834 753
5596 2312
4785 312
1781 534
1905 2744
6396 6717
1717 2656
5371 5017
6898 4288
3416 2247
1933 733
1775 4000
3800 1312
6937 67
4048 1596
4222 5932
5962 3455
3753 2703
4478 1656
3233 3115
2293 5475
3831 3255
1921 3933
656 542
5323 6927
4909 2663
4732 677
5071 3249
3898 4443
3428 5811
2355 6866
3817 5590
4091 5544
5245 6535
2774 2445
4792 1194
5799 1468
642 2881
1333 2679
3879 5292
2378 853
1934 4576
2701 4843
4396 6119
4449 5864
5436 5776
5392 1922
1287 1228
210 3361
1098 2350
4232 2388
5687 2106
5079 4445
5944 3015
4501 1066
6584 3364
5127 1550
3215 307
6938 2489
6219 5622
6141 590
1373 3195
4323 6339
3749 1097
5781 4119
6615 4790
1632 5148
6245 1433
4915 2812
3901 2912
4028 1196
6371 4591
1565 3702
507 220
2543 2756
4090 5688
3742 4074
2969 9
6366 1380
6334 880
2530 2468
3513 5956
760 4865
3341 2742
6414 2400
3740 3736
5998 1204
1914 4759
3107 6293
4543 5545
2011 1923
210 608
4001 6677
6623 6828
3170 1621
4557 1200
4408 1128
6505 5555
710 2864
332 5594
3595 2030
4577 3949
3292 6243
1647 3410
3217 2678
5669 5112
639 5651
3233 3557
5175 3156
6519 6492
4161 416
4114 5934
4289 5943
4664 5699
4995 1183
5908 2159
2202 6542
4269 4552
1928 4312
877 2778
844 4585
2658 316
4714 6093
257 1119
3000 3633
81 5701
6809 4215
789 3825
4771 5989
909 3960
1798 1327
6585 4724
1252 2903
764 3385
676 5894
5060 140
5911 4207
659 5363
845 5230
2436 693
6663 4960
5341 3397
6566 2633
6587 5779
326 4212
26 3561
2145 3624
2252 6128
5854 5289
1663 3618
4465 5703
6823 4769
5781 787
6024 10
6297 2107
1915 6943
5563 4904
6578 175
5362 5004
3140 2968
6385 2240
6142 3981
2956 1743
4605 3012
5753 503
1312 26
4954 3078
152 325
2970 6771
4746 1420
844 6603
805 5681
2470 5944
1126 5560
2183 570
295 2452
858 5908
1659 4668
5 4397
6566 6650
6495 6089
342 1279
6187 2027
5535 89
1198 5171
4150 4154
6801 3289
1960 2409
6081 4456
2866 1819
3234 1386
341 5587
3587 6120
6066 6635
5240 1606
1781 5578
2886 5090
3873 5676
2297 1912
4552 4373
4536 1678
5581 5070
5005 1882
530 4988
1106 767
3104 2722
4495 5664
3193 458
2225 803
3701 5443
4273 1217
1000 2691
6531 6132
2338 5093
859 2048
398 3683
6166 5276
6345 2676
2811 6232
2252 6560
3600 2483
948 4116
877 1646
1248 1617
6315 1310
1430 1411
1522 3547
5607 5821
528 1318
2702 2295
443 5996
6055 4211
4500 3747
6606 6528
4558 4023
3089 2835
4128 6040
3869 5936
4662 6752
6623 5523
4171 5416
6837 3824
6636 377
5233 3629
3459 5229
22 979
4819 3438
5755 3759
5805 2138
3223 4465
1590 3645
3734 4586
4522 420
5181 225
754 6490
934 2664
6901 578
4511 3519
4777 3224
4484 200
4536 5427
3382 35
5838 3856
1082 6380
1821 5887
2711 5266
2691 92
6943 1536
1764 4621
6936 1265
1364 1092
412 728
2754 4897
3490 4414
3302 4352
2812 1
1605 4325
3500 381
2859 2183
1965 2894
6078 1106
4713 4644
4155 4608
5006 5712
5555 4223
3314 5195
4519 3479
5798 6473
5165 2658
1934 1665
4980 4307
5371 3175
3098 512
6586 22
5274 2296
1916 5616
6385 2507
4526 3648
5128 4511
6740 6175
296 2672
3244 6511
1038 4903
4186 6257
819 6335
5199 1790
27 3111
3342 2547
4522 2743
1314 3247
3008 2271
644 1168
1580 5562
3805 6800
6908 4665
2379 1624
873 4783
4892 1654
6104 6662
5848 5016
1757 515
150 6467
2126 4912
394 1908
5260 2877
6863 6584
3350 5328
3243 1210
5540 237
1599 6798
1637 1238
126 1846
6696 2986
5904 5929
3239 4505
4206 3612
1000 3387
4020 4313
1658 3527
3314 430
3642 3073
4102 5414
3243 1991
2589 1805
4785 5307
5685 4380
387 6013
5021 268
6295 1233
2467 1573
3592 6300
5916 6387
3433 6606
6683 5491
5188 5773
6650 916
2986 6599
2589 5462
2718 1042
5577 2474
4621 513
6497 2905
1420 5035
2131 4631
1735 1555
2840 6327
6345 2322
5333 5706
923 1129
4014 3570
4162 1190
3116 796
2273 4338
3472 2625
3300 3926
6736 4370
1455 2926
6954 846
2767 3
2618 6455
1357 5873
4020 3809
4452 2725
3839 83
5624 422
3478 6029
928 2287
1655 6629
4248 1943
2024 1864
802 355
109 1085
2213 4813
5052 2289
5459 6620
2655 1547
2025 1870
6626 585
4590 4052
354 4262
5855 5271
3595 6618
1119 5549
1715 2245
2956 3918
1248 4342
4673 1304
5209 3381
5726 5514
386 4713
1364 2612
89 6315
707 5329
882 1149
2931 4829
6729 4927
5588 3493
4648 205
3242 2187
4029 984
5715 5350
1725 730
539 1164
443 2902
179 5714
4626 2461
4638 1859
2170 1394
1022 2640
1141 5925
6697 6632
545 5767
2339 3138
6899 1449
1791 3954
6727 6161
6667 714
1980 4991
1307 108
49 4248
3132 1054
1574 5734
2209 4775
4400 5222
1944 4100
1270 6481
6729 4464
864 1746
859 684
6484 776
5752 1284
6904 4889
4436 5294
447 3984
6684 1749
5260 4956
4521 299
87 4753
3618 5066
473 1286
3318 3313
4609 5758
2937 6721
5944 3894
1537 4746
5332 977
1826 4844
3037 8
864 884
3380 6240
956 4664
1221 3163
3489 3141
2618 6263
857 2613
1129 4575
1705 6059
5914 4408
3317 5183
6849 1289
5720 483
2504 6753
6171 1142
6666 1479
1526 4694
3445 5176
810 4820
5115 4968
6812 4802
2023 5530
5526 563
1142 938
5946 1671
5539 5394
2374 3048
1876 4118
528 242
64 6074
3707 4818
866 5144
2555 4506
5033 3622
3660 425
1917 5399
4869 6234
1034 2438
39 4938
4400 3980
5049 5655
2486 413
2395 3955
2156 2847
435 4353
1103 3915
440 4811
411 6213
4254 3424
2511 2396
1225 4751
5672 6427
6802 5221
6467 3185
6774 3431
3545 661
2696 4928
1799 6598
1355 1974
3691 6861
5690 5078
4597 1389
2726 5997
6547 1383
5199 2498
6677 4892
1221 1030
683 4451
4142 2692
1254 2005
1427 5201
2018 5843
1123 905
4886 5960
6265 6947
1306 637
6279 5245
3518 6877
3215 6343
4583 3681
6287 3938
2517 1828
821 6432
6904 5834
4008 2306
3997 1138
3915 2533
5752 2901
4047 6633
6173 999
1022 1240
3230 56
2363 549
1820 3435
387 5412
1404 6928
161 1628
3385 6226
306 99
6803 2545
116 5263
2899 2174
5312 1694
1617 4145
6379 1140
1144 3514
4898 5662
2034 6345
5577 3982
470 5163
4378 1944
2396 2629
3705 2548
1982 1587
318 6844
395 6494
6297 6309
2999 6737
1557 1996
6304 6854
133 2420
4051 2351
5110 6390
5102 158
6943 4524
2364 6406
481 2886
1871 6438
527 3745
1524 6179
2840 6156
2952 3673
2994 952
2793 6856
6501 2248
791 559
618 1503
864 6705
6272 4360
1960 2335
1612 2632
6242 2889
4539 5853
2697 1509
4570 6144
4246 81
5020 1669
4862 17
3920 6261
2761 4246
286 5146
3487 934
544 1812
1953 2805
1462 6155
2376 5489
3603 5520
1896 934
3422 4895
4660 4375
2622 4789
3372 6503
1593 521
442 4680
4677 5687
1181 4477
5522 2471
5634 252
720 785
1215 2209
6301 6612
4630 3488
1847 4202
6072 1075
6684 2046
2678 3986
5578 5881
1306 4474
4185 5827
5218 5791
6460 6466
2532 1426
31 1663
3206 5012
2710 722
5027 886
5277 5554
1272 1808
2527 1657
2101 3428
5329 1526
1050 5654
5551 6218
6314 280
3603 951
6761 2015
3697 3722
398 4367
4623 5131
6759 6549
1436 4372
992 4995
6725 3295
4781 1541
534 4205
2767 3014
4236 4551
5186 2671
5784 5390
2396 441
3303 3120
4636 3602
3470 2475
1138 1177
6518 3243
4539 4195
2664 697
4435 3783
2254 5620
4447 6193
5024 4177
397 719
5291 2759
1017 5912
3280 5219
5552 5059
2689 6541
5191 433
2206 6923
1300 2149
6312 2526
5046 4877
2261 5068
2825 4013
5472 5605
6903 5077
3611 408
231 641
1863 6383
3125 3079
2599 3021
1542 1087
3125 6536
2569 2513
3861 5525
1369 5723
6497 6292
2919 2648
3094 1480
4191 2940
1273 6426
2812 304
1530 4487
4500 2824
20 6847
2384 2309
1390 5057
4927 409
3969 2948
760 1810
3111 5053
1717 2849
1248 6899
2712 1227
3058 6233
1393 3201
6315 1660
5537 2228
5199 3687
4656 6734
5454 6170
6435 3987
4640 4476
1170 2555
999 1136
5369 4693
5652 2274
3202 3649
77 2216
3851 474
5277 3030
6166 681
3603 2241
1823 5191
142 3041
5160 3456
577 990
1689 2166
2354 1853
5459 5611
1896 3805
4880 1268
6409 5596
6585 3578
406 1522
2703 4503
1915 2252
6653 1205
5946 5928
5444 1809
4726 4569
283 3808
5884 5769
2387 6949
5370 1123
4550 5407
3382 3916
3494 6017
4489 4826
3188 1747
1170 3239
2942 2566
6710 1563
2 4228
6662 4213
5430 6288
3434 6914
6506 6271
2610 6461
2397 849
4520 6007
1765 805
1446 2390
2997 1708
2633 6758
134 5150
6279 6942
3183 4555
4848 2212
3589 2771
4875 5091
1459 6326
2490 1456
4719 6506
3180 4405
4215 3019
4598 6488
914 3392
3488 2860
2189 3919
4247 1868
914 6150
6072 3421
75 3835
1484 6568
4802 1975
5885 4808
3774 1512
4638 2342
27 3549
425 4264
6057 2697
4251 169
1036 2374
420 2179
4840 4538
3869 754
6669 5378
2626 2016
6257 3889
6584 3365
2893 1112
6191 323
4626 2325
3047 4601
467 1198
644 2893
3210 1243
5571 873
4105 3654
4453 3550
2434 6527
4777 2760
727 4545
495 1040
3592 6135
218 302
4387 875
6520 4450
2664 1696
5088 1695
2697 6475
1676 4699
5714 2718
2314 4637
5547 2398
6155 4675
2402 3221
4336 2347
594 5618
112 2637
2364 6834
514 2859
6153 2047
6242 1481
1806 3440
2675 3571
4692 3191
6042 6294
1245 415
2610 844
3124 5566
2328 4638
6568 43
2561 5783
4126 3868
1592 6311
1169 3830
3348 5551
923 746
3047 6152
887 3266
5665 6944
1902 4704
300 2264
2747 1752
2712 3129
6 1676
1562 1782
3731 533
1087 5185
1958 2093
1901 2920
4641 2116
5408 5778
177 6304
5175 4249
5527 1598
487 4055
1258 629
6379 1425
2799 4851
3971 4549
3227 1329
2182 5983
3610 3679
1709 491
144 4093
63 2378
652 5031
5 4053
491 3942
4648 5320
5242 399
259 2531
2778 4217
5161 1435
5492 6827
6269 2362
1646 85
2520 4185
5305 5199
5655 4268
5178 6298
5280 6822
6423 6112
6613 4921
2328 3614
5013 2994
4172 4526
5483 4803
2949 5974
2520 687
6817 1061
1947 1153
3981 6009
2221 1729
4855 5636
2377 6922
3470 502
966 2383
5326 167
5588 3464
4390 5898
937 4650
3855 969
26 6773
5286 682
2520 4484
491 5160
6570 2998
3531 4085
4022 3231
6947 5595
2758 172
3183 290
3360 6534
3614 196
15 662
251 5383
6677 5469
760 37
6883 6215
6458 4728
1790 496
6765 6621
3732 3803
4384 2769
4590 636
5862 6726
5596 5095
2658 812
1365 4899
1134 1181
912 2983
1820 3053
3657 4022
352 6582
869 2630
6476 5804
5310 2269
4686 3235
4603 1225
2585 4737
2927 718
2985 5606
6910 2379
5865 3162
616 5597
5967 1133
3549 348
6578 5603
3507 2176
2795 4767
373 3912
3976 5023
2705 635
6455 2578
369 1534
6276 6228
4192 113
6568 4747
2214 2937
247 1157
651 6940
5442 4755
5676 6019
1953 577
4477 6659
2927 4252
3934 6127
4580 354
295 1942
1939 2854
3660 2145
5537 6483
467 4291
5961 2537
1191 3609
5451 6407
638 3831
5924 4860
6794 39
2472 1790
4985 5304
64 3374
3382 3210
4199 6746
6111 962
3373 3257
1955 461
689 5504
6257 6521
3895 6594
3078 5777
6279 778
1895 4507
5013 1569
4717 3661
6414 3389
2347 100
3985 5402
5171 792
4877 1499
5431 2406
5662 605
3657 1970
1022 3140
4860 5139
6823 1723
169 4199
1077 1041
382 3319
5699 1401
3075 330
1623 6507
3365 3727
4179 6284
5451 4812
1332 6600
5702 5534
3817 3200
2158 4420
5436 5317
1701 1249
2419 4554
4697 3276
4641 4754
5311 5665
4719 3387
1392 2219
4843 5650
6488 1761
5233 6422
3545 2186
1569 3095
5481 6425
6615 3312
3424 3820
4769 5380
1116 4948
720 6400
6678 2201
637 5502
1315 1520
5605 4462
1955 4750
3875 4025
6073 6095
3065 5099
3913 3993
2141 5761
2995 198
1570 6790
148 6188
2045 3476
5947 499
1367 6759
3255 2525
710 2225
4528 3931
1741 3698
2324 2816
1939 5672
2808 6729
3780 4032
1720 41
1277 3554
4306 2723
3682 344
3934 5168
2436 2332
5165 4983
3194 742
3509 3584
4477 2830
4795 5301
2675 1861
6714 4896
805 1632
3807 106
127 1460
2026 3667
6047 4034
1902 6123
2811 1184
1787 5358
1723 154
3955 3068
6342 3937
1826 1556
1487 4221
2923 5683
1270 2146
4942 5398
1482 6042
659 5129
1333 3132
1015 4771
2243 838
4124 4959
1335 501
5049 1605
5649 5338
3001 546
3387 4361
1905 6946
3732 1489
2176 2250
1264 3552
2867 3850
2289 5274
4865 6241
5249 3288
1742 4158
1466 2428
5059 4379
5686 2036
2104 6896
558 1419
6653 3376
2500 6640
4123 4068
5871 1471
5935 5439
637 1111
1530 4841
5363 5576
496 3468
2712 2933
1330 6711
6265 5295
2520 6396
731 520
4937 454
210 3196
5841 1311
5010 1285
3083 1014
5533 1530
789 5824
5493 744
971 6384
6155 4920
2847 854
5814 4120
2306 6148
2776 2580
1109 6700
3320 163
5333 3816
1377 1930
2553 1928
108 203
6630 5468
2202 5644
426 1417
73 3641
6644 2993
6673 896
6637 5476
2358 1037
2137 2191
3738 2004
5288 876
2021 3562
6423 5238
951 4688
227 2724
2241 1415
4988 1502
2941 2947
77 5717
2099 3357
4731 5880
5863 6310
3254 4377
4291 2793
1775 3301
6804 30
727 472
5941 2040
6774 1159
5187 6352
2929 6644
5799 5621
75 3106
1341 3049
1645 1206
1970 2634
2392 3063
3975 3099
6006 5946
2704 3589
6618 4076
6623 6236
6435 4567
1171 42
6317 3298
6389 5361
5102 5661
5852 592
3487 2421
924 1618
2479 600
3313 5867
4038 6591
5341 837
4290 3592
3053 3657
3408 5598
539 1219
1483 6451
3078 5775
301 901
5801 6454
177 1830
5046 1599
3970 4536
2896 3593
4597 3094
1827 2365
3845 1214
1094 2143
4537 1817
3875 2056
4519 1705
3721 1949
1181 3232
4192 3540
5098 2389
6910 2668
2607 2708
2709 6318
5250 5348
3792 4687
2209 4442
4950 4765
6081 6143
6277 5210
4092 4309
6294 3538
2999 964
2820 3302
6285 2234
931 2716
2630 2836
6690 2522
1122 5543
5534 3042
5806 1358
6738 3432
4214 2451
4511 4459
4047 5574
3649 5166
3300 2273
710 5175
1570 511
5052 2952
6061 3581
1660 5118
4456 2831
3805 5518
911 643
1460 3359
5883 3400
1919 6378
3136 1293
2648 4501
4933 4557
805 4306
1734 4782
2890 2652
1913 449
5969 617
2192 3953
1991 6083
1429 3396
3487 3947
1005 1728
6174 4731
5997 372
2369 808
5753 6173
3524 5614
4611 648
2582 769
6362 2682
4629 6321
5310 3967
4588 5913
2213 6596
4168 5813
5058 3707
936 3090
2398 6799
3596 4514
3430 2144
2696 3871
2465 2261
3413 6619
2493 233
2123 6733
2503 1741
3111 5561
6384 1246
3675 1465
5567 6754
1823 4318
869 2575
3719 2175
6631 721
17 904
3364 6872
2701 5128
1015 6636
5088 2078
651 2953
6059 6906
5602 3341
454 5589
2349 6180
4408 3779
6679 770
3521 2747
3060 2469
3152 5425
1197 5249
2359 5446
4287 6444
750 3071
397 3542
1335 1948
6335 772
4409 1388
3414 2713
609 2484
1952 3246
2498 1189
3542 888
2982 3689
6873 5007
3133 2954
1168 5882
2190 2077
5614 1983
5376 894
3610 5812
6464 6199
1644 5964
4526 2600
1711 2092
1907 2774
6176 4935
1462 3372
3005 5602
4003 6479
4590 236
1720 4863
2894 573
2435 839
6778 4038
259 5837
6501 532
2806 4828
1314 2041
1579 6194
3023 547
20 6168
1870 1594
4881 6654
5190 1003
340 4867
4493 4084
1928 5048
6665 286
3119 4590
621 2540
3694 5771
259 6590
4382 2505
6381 4448
257 2246
6917 2815
5003 1719
6572 6719
6556 1513
4599 1163
1 4763
3162 4864
2398 321
2193 5548
2236 6695
6467 6674
2804 3891
2246 3564
1543 3454
146 638
1040 2610
3795 2834
778 33
3271 1679
1832 5634
1404 4868
1591 48
2005 1115
3035 1034
2710 1497
2906 193
5816 1756
6546 5179
3202 3146
5164 3973
2979 5919
1272 606
228 4692
6224 1731
3565 640
5322 3853
2363 3482
5412 4666
5228 821
5139 5025
5607 987
5205 1648
1535 2260
6057 564
96 1990
4159 5094
6206 3038
3494 1165
5070 5854
6295 6697
4862 4648
3898 2221
2472 1896
3962 3169
4984 717
4736 1368
3239 2110
1616 759
2507 5086
1645 4305
1870 4874
3198 996
2113 3706
3456 1475
5046 795
4834 822
1488 1324
3800 1060
4401 2880
2120 6641
5237 92
5219 227
6282 5770
749 2407
3306 4743
6504 634
3366 4018
4168 2281
4535 6882
4915 4142
1689 3105
406 4471
4940 1482
4557 701
5767 2965
59 6575
2631 1544
4784 1833
1821 4674
4725 239
4009 4882
3833 3892
1907 2411
224 1904
2726 394
5829 2509
2529 5299
4859 4117
1066 6769
6335 5516
4949 4250
4555 6642
1189 1141
2972 4957
4998 3539
2990 309
146 836
1417 4710
4838 3177
1820 5753
6780 3086
5634 5839
3177 683
6082 1692
3078 1226
1395 1414
4695 743
6073 4244
5810 2279
6730 5907
1353 5092
3222 1584
2306 2352
652 1504
730 6730
4497 1600
1353 5799
5344 6900
2744 4086
3025 4768
2858 2359
2192 5568
1144 1255
2595 2879
6272 1915
5522 1201
4480 2463
5645 2033
1067 4677
6683 6256
6506 705
2787 3324
4231 6835
3840 4087
415 5643
2514 4805
5681 1650
743 1927
2003 1836
1197 6774
4628 5725
2007 3189
2868 3096
4481 6601
456 2538
3484 5405
1125 6708
2797 3647
1571 4534
719 5097
5784 1523
4052 4125
6277 6849
6504 2117
3412 6305
5801 1710
4425 3841
6948 2448
2028 4331
6461 1551
1491 6499
5190 5793
5298 2843
4313 3150
4378 6894
301 5281
2126 3256
5866 4876
2960 1104
6229 105
877 1314
5533 6664
4442 2878
6825 5389
6760 4481
4889 6824
6062 1538
1919 1315
131 2223
1798 4504
6064 4836
1550 4092
5470 1439
5370 2338
3110 5013
1142 414
3324 1784
1639 1064
1405 6279
909 2238
4361 159
1975 740
6767 4368
3711 2698
4949 3611
6350 5233
5503 4649
4685 6830
2240 2717
6306 2423
6384 6431
3153 4069
2101 2495
1522 1221
5140 3321
4150 2786
944 3033
2645 6386
992 1069
5408 4175
3565 724
906 1035
6455 2711
290 339
5539 1291
977 3441
3379 3417
6087 389
4056 1180
1484 1241
522 6137
5447 1107
623 2858
4333 2433
5527 3314
5650 2837
4423 831
260 1876
3938 2476
3191 6886
2025 6751
1185 202
2580 4602
1376 3935
1044 981
2784 2874
1790 6272
6531 1867
6041 4527
5888 552
4 1271
3380 5542
1454 2783
2162 892
4361 3660
5540 983
4821 507
2188 6740
5006 6857
1707 5640
656 5039
1418 5920
936 780
6105 967
5628 5303
6097 6623
2123 5728
4231 3930
6078 5257
29 5599
3907 5063
6563 4946
6678 6643
177 6376
3682 2486
4612 387
5298 5808
6723 611
5563 5330
2649 3528
5931 1083
4367 3338
4719 59
117 2310
136 5022
4751 6177
3155 4854
1791 3969
3484 3371
4304 6869
965 5216
4537 6471
1991 3081
4677 1463
260 5211
1777 4243
3145 4950
4603 557
426 3605
332 3352
1407 68
3072 2490
1106 5474
3949 567
666 6108
4129 2616
2488 934
5758 517
6277 6067
3400 5243
3104 66
4186 3869
503 1252
4577 2369
1432 4671
5519 3153
5645 4490
2687 216
2678 958
1710 3668
847 2808
1940 5428
5057 4962
5401 2549
5665 5916
4985 3775
6242 1659
1077 1476
5058 1952
6113 6770
29 4990
3372 5733
2582 6191
6517 1100
6151 2236
6420 6657
2751 6952
2017 5741
636 329
1429 5696
2852 726
3831 5816
3062 1537
3611 46
1612 4314
593 674
3811 4182
5690 4141
3431 2069
1984 4518
3974 2399
6066 5368
1963 3989
5956 6307
283 686
2135 919
491 2385
1659 1076
399 5011
814 508
2140 2482
1737 698
4936 3732
6304 5815
452 1577
2024 755
3684 4135
2651 6027
6810 4849
3145 1253
3702 55
2040 5315
2010 2124
2631 6281
6609 6405
1550 794
999 6709
3820 289
3348 6506
2693 6884
2099 5006
4387 4980
4493 5918
893 5117
1428 6772
3876 4794
6086 1362
5652 1418
3657 6072
3938 3761
3920 6206
4936 3188
2030 656
3980 2367
2929 2180
6232 5286
2843 850
2847 4126
1305 4267
6902 388
2511 4192
1467 3137
3140 254
3949 4872
4565 2958
6566 3265
2661 293
6254 3776
5547 486
4877 2951
3471 4234
130 2523
5813 2961
5421 3347
3594 1718
431 1063
5625 4512
3903 4098
1863 1028
4839 4986
545 2314
2025 4667
2732 1840
5955 3956
6077 4279
1702 2439
182 2695
6949 6801
2196 2700
3368 2156
2373 488
318 1869
4508 6571
6226 6941
1820 2478
1034 5158
3300 3740
1771 136
159 1376
5715 2795
4495 5283
4557 6915
944 1552
6906 4278
4836 858
3524 2198
2725 6440
1896 3660
2616 4444
5787 3574
2578 6513
2543 1662
2337 3345
3757 6270
5675 3813
6587 3660
4026 5715
4837 3893
4719 2527
3954 3164
1137 1984
1108 2516
1492 1640
6662 1251
2529 57
2709 5155
5961 510
6605 174
3385 1144
1832 1697
6793 2074
3088 4149
2273 6687
2900 4798
3914 3395
1896 6587
1593 2121
6712 5697
3694 797
1033 860
5779 1827
1702 47
6178 3513
6097 2657
2946 1101
4848 2885
2524 50
1829 1919
481 1707
4326 2091
2023 3990
6317 1766
2395 2089
3392 1626
3621 5950
2402 1610
5779 1438
6506 5187
84 5143
5947 6337
2115 1651
3234 5660
6832 4756
6190 211
499 1866
1017 3646
6218 6812
5518 1822
4673 1622
3777 6090
4746 1535
6376 2601
4385 5113
507 6477
4242 6615
3729 5373
3712 1906
5792 2341
3128 91
328 5275
1671 5337
4731 4134
601 2177
2259 3446
3368 3741
3159 6936
6716 44
2774 2222
2823 6269
3994 752
683 4661
977 3472
4965 1744
2590 5890
6517 5508
6681 1875
6563 1647
2788 6714
3373 4806
6902 5497
4250 5341
5354 427
5185 185
203 2336
3950 3102
1939 3168
5669 4997
2821 2258
4215 2151
6751 4544
6350 5241
5705 6785
5089 5755
6144 4596
5293 2582
3492 2101
5994 2573
3069 1774
6128 3713
3615 2863
2113 6302
5592 4605
3314 5539
1185 5522
1523 3522
5592 3970
3766 4561
4442 2067
6145 5264
4155 4179
498 5182
5736 6344
6460 3304
1937 337
3814 2518
6774 5387
6270 3671
3797 3866
4531 6764
68 2821
4823 3941
235 2515
6421 5122
1388 3802
2575 6033
743 3700
4743 263
878 5262
1148 149
5808 950
4836 3217
1801 4556
1570 5240
2495 4517
6261 4827
2990 1639
3366 2072
3857 261
2692 5935
6958 3074
704 4833
161 3336
2753 5036
2098 6614
2100 4008
431 1740
5816 6129
5580 2370
6331 5364
686 2875
3162 627
1200 1807
6193 5637
5519 4391
6908 6920
1663 2814
5956 6187
1258 6377
2044 2587
1033 1963
373 275
3685 6057
2453 469
1954 571
2245 5980
4459 3054
6586 4859
3722 2022
3314 3069
900 4276
2297 2989
5419 1977
2154 3650
5385 6424
922 5846
3965 4097
6466 380
4111 129
3402 5319
6630 4893
4498 6607
6348 5196
1169 4138
2924 2321
3345 4641
1898 3573
630 6361
3617 3490
3167 5472
4301 191
1234 4220
3757 6275
182 439
4103 5872
2926 5008
5001 2391
4129 5580
5146 6282
2421 6555
5139 357
4108 3161
6216 3796
5847 1911
757 443
1074 4010
1777 5069
2140 2666
4621 1950
4104 2162
3408 3701
3721 6595
4695 4528
4127 2828
1829 2985
4709 971
6289 4982
487 1193
4429 6622
3312 4432
3350 6843
5970 6227
2154 5642
5305 2141
3242 5994
3771 5193
4898 1437
74 234
5075 955
965 3213
4554 121
3132 6388
2679 3890
3764 5677
5624 3669
2820 183
6845 137
3412 6510
2214 5067
3121 6741
2472 5326
2042 2768
6012 4952
6761 4525
3616 4546
232 1216
4451 6195
1790 2691
3012 5116
3312 2038
4937 543
4341 6937
855 5101
3472 5137
3138 2626
145 596
6488 811
2371 5965
1425 5434
3968 891
2702 4335
495 745
2604 6881
2529 5024
2934 5949
1094 4510
2411 4230
1919 1270
5906 6252
3320 3586
1015 1436
2295 5360
1392 5105
3232 3840
5036 5220
2796 583
6752 120
5817 5313
2252 5463
2551 2753
4240 1894
4112 2775
6762 1907
1873 4807
3979 4592
5552 3968
4167 1283
595 3934
1681 5850
2532 3480
1639 2032
906 6314
1861 6853
5062 5253
1924 4399
199 3248
2820 5
4513 3644
1158 2011
3979 3158
6064 6046
361 479
1052 3743
6858 1301
970 4740
1260 1387
2511 6366
4341 1701
4206 5333
5007 4051
398 3360
129 1364
2297 582
6704 516
5946 6276
2606 3299
4711 2801
5993 260
5308 1452
4176 1549
6936 2251
1044 2758
534 1973
5177 18
4340 2014
4291 4150
2096 1342
6428 5818
6373 6656
1096 1478
3305 6808
2755 6109
4031 3772
1633 4906
4938 4463
5937 5533
50 4707
2865 1643
481 435
3326 4850
1715 1658
3206 6222
3427 5663
6488 1635
1185 3375
5533 1096
5445 1467
446 3731
4008 1056
819 2354
6904 1025
373 1574
4878 3826
6283 453
3129 6154
3382 6368
3402 3181
2997 5892
1341 560
4933 5947
3199 6408
3762 2804
483 4289
2123 3766
5787 5632
647 3773
1120 903
6263 2190
4378 3402
1959 1477
3292 2649
6389 2366
6090 5902
5308 4509
4005 6299
3507 1937
1861 3606
1543 6044
6759 4681
3947 2065
1206 4139
932 6249
73 45
4051 5227
5855 1615
1481 1545
174 2026
1135 1748
2395 4785
1180 382
1427 2976
3467 2215
3965 2184
451 6439
354 2431
5396 4529
2657 2822
2240 6329
1553 4823
1321 6926
1039 725
6264 1898
1540 3103
6429 4081
3935 6055
725 3272
6314 1218
4692 1777
4112 5234
4474 4716
2525 124
6544 1946
5693 4969
6348 3174
1454 1501
5025 5114
6151 5780
1091 319
6593 5938
816 5691
253 6058
146 3184
98 5826
2590 5239
4559 4748
2857 3165
6625 473
4821 4735
3642 5971
6697 2105
1279 1366
6873 2802
3178 4907
1676 1413
3175 5107
1701 5797
2555 1459
2575 5104
1155 536
1953 4423
5614 2009
4396 5794
4868 4678
4960 4595
887 6402
6065 5403
4009 6679
3048 314
5768 28
4146 799
1823 148
4181 982
1432 4723
2289 4711
3513 3309
4822 2740
3478 553
864 5829
3914 3045
6077 6472
6877 1306
2270 1510
3354 1290
1389 407
4257 2340
5702 2924
2045 5825
2255 4886
1141 757
806 1211
5387 6531
205 3791
6510 6918
2546 6646
5790 2285
2010 6053
5028 4550
1279 6957
1036 3974
92 5385
4781 5692
5195 4115
1000 3368
127 5694
1692 94
2531 1192
6837 6357
1466 5217
1280 3229
781 288
1393 5415
12 4133
4612 5863
455 1941
1367 1059
3687 228
4840 5190
2857 4183
3427 2413
455 6375
4033 647
470 3620
4386 6757
4719 5237
3855 1332
39 685
2988 6938
5861 3107
3098 4964
6546 5820
6772 3405
5375 3100
2278 3535
6145 5019
2223 246
6832 5430
3897 2773
6358 6556
1420 2456
3544 823
1306 5517
919 6373
6510 134
499 5833
482 3896
1954 5282
4452 4014
6631 3786
5305 6506
5454 184
3005 426
1553 922
5355 3715
4520 1978
4008 5675
3504 2915
6030 4470
2854 5529
6061 3416
2187 5156
6428 2790
3711 1469
6191 6658
342 5248
1542 1847
4691 5515
108 4689
6667 5930
2864 2204
4193 3678
1692 4049
3938 6341
673 2939
1287 4774
2217 6567
1367 5975
2261 5088
4849 4945
3894 4646
1109 238
5809 1340
4184 3704
6417 1825
6778 5135
5771 34
6587 5305
5893 4129
5129 3148
6948 6025
5893 545
4695 1883
5519 909
263 249
5271 889
3152 3483
4150 3160
5714 6012
604 284
1879 4810
5057 279
6048 2757
4056 1823
6270 625
3358 2343
2470 2058
5726 2157
1603 4340
405 2807
5855 3425
6712 3729
2493 5203
3831 6663
2264 2479
6928 2534
2546 6645
4821 551
6576 2192
4328 4613
5135 4966
1913 1443
6411 2596
6137 4999
82 6436
2814 6539
5312 1353
6740 477
6264 2918
1139 5629
1892 3285
6229 3588
2399 194
5765 2097
5135 5541
1564 3386
4328 997
3910 3617
6445 5345
4222 6610
6743 6548
4965 1559
2074 2473
5034 5426
1122 4189
5032 5861
4719 4361
4259 6399
5806 6350
6023 4651
4141 1992
978 4337
4109 5501
6915 6088
3138 127
1896 6506
2327 2865
2553 320
96 3961
1324 2659
3581 5327
3861 1260
2486 2102
6026 375
816 5339
2326 101
3621 3250
6505 2969
3685 1158
3011 4619
4449 5490
4031 2355
3318 1687
6309 5899
3241 6381
2172 1472
3441 2674
5602 5540
5974 6756
3217 2267
3790 2133
3539 4321
6 6743
6745 5251
3977 5125
5699 6100
1390 3800
1098 5735
6267 6441
3167 3721
6920 5189
231 3391
832 177
4522 3500
5616 5349
2421 1307
5286 5401
6737 2150
6026 789
2713 2172
3254 3886
4447 2704
5493 2142
468 6340
6482 125
4111 5480
2893 4113
164 2617
4299 2818
5070 5369
63 287
4464 6045
5161 204
5054 1608
4744 5739
2339 217
357 3996
6358 6775
3795 2829
2982 4547
4155 2316
5468 313
5142 1704
5355 2028
5523 5423
3203 494
5914 4123
2452 4439
1240 2410
1508 2139
2198 2163
2788 5481
3604 1604
2969 1350
1901 6698
970 97
5468 1938
5169 1589
3753 3694
538 5553
6650 1698
1811 1182
1781 1966
5291 998
1791 1052
4940 3414
3632 3920
5834 1011
5500 4315
4153 2561
5245 1195
2638 2512
1330 3445
5829 2140
1527 292
1122 768
473 3328
6269 6297
6318 2746
2166 2964
6559 3651
530 2193
1479 1015
3544 5422
3107 2574
6059 3839
6525 3885
4608 3264
1925 5893
2892 464
5129 761
4684 1044
6331 3477
5751 1027
4460 6079
5785 378
2170 1533
2182 5911
1514 2052
1003 5458
5983 1586
5206 732
6105 874
5083 3827
914 2084
4082 4540
1324 5532
216 4815
6271 6006
2189 3510
5036 5413
932 6050
6543 5669
638 5169
5146 6253
5552 2635
2362 2286
5089 1863
6800 342
3983 1323
942 1282
1405 4684
1388 87
1984 1564
4628 2224
582 484
4185 412
6723 2170
217 5046
6555 3242
5193 3684
6117 197
3318 1565
2434 3220
4250 3258
3199 1613
5177 2148
884 5840
5356 2980
6371 4218
2328 1655
498 4253
6271 3632
2411 2265
1734 6198
682 3142
2278 1058
2804 438
467 4482
144 5208
5206 6716
2374 2960
2255 2098
3146 93
1610 6002
5501 4431
3244 1588
3528 1188
4430 6372
4583 6913
2275 3027
4191 3452
5299 4197
4717 4993
3916 2095
2582 3471
432 5421
4306 2660
1200 3436
4002 6238
6491 3682
935 6639
2080 6235
794 3186
5155 86
1764 1887
4689 3972
1823 3797
731 2765
4318 5559
2005 5972
4208 4378
2503 2178
110 6763
4104 5961
6145 6153
726 6951
6306 1910
5906 4635
6666 6201
1180 5079
5532 669
2962 2503
908 500
1040 6151
3712 3865
1264 2789
836 5685
6272 5978
5240 3939
6337 6815
6863 3469
5032 2966
6379 5889
2378 5037
1788 6122
576 569
4101 5686
2039 6259
424 6139
2645 957
4529 4226
6455 3222
5924 4447
1942 6514
1491 2494
5270 434
2703 4406
1316 2202
1896 1790
2744 974
1263 782
1506 5666
4186 4065
6464 690
5695 1202
5429 4883
3265 5748
6142 6738
2892 3630
2726 6066
5057 6557
4067 1939
5999 62
6537 3060
5305 3660
3368 6873
5512 331
2687 6696
3439 1926
6341 1554
1874 626
3840 848
3942 6453
4979 3601
6429 6316
1768 1702
6463 1636
4452 550
303 5857
6143 2360
1182 1913
6247 359
2442 223
4022 2012
3196 4071
1176 4296
1039 2364
1199 2076
5364 281
6723 2358
3193 5272
2435 3625
1615 6831
3531 1404
6174 936
2393 6732
5430 2031
3934 3814
1432 4056
5286 6428
2865 3511
1757 1305
3519 1007
4146 3325
3605 2436
3974 5906
2196 902
6254 3730
4552 1126
59 6537
3539 5356
1364 6231
5274 4589
5044 4059
3433 3815
1189 6910
1147 6837
1307 2511
6913 5340
1497 6208
4605 5981
5195 6739
5676 3293
2559 4449
3600 3692
1060 4345
6082 5447
4677 340
1043 5959
2938 4079
4572 2552
3292 4656
2144 4143
1129 6655
3288 1281
4 3555
3154 5806
3097 1051
1210 3794
2419 2990
386 5308
2847 5277
2693 4584
5199 1820
2531 2508
814 6749
4863 3623
2337 2099
1252 4446
395 2305
5924 2785
5551 489
5552 528
4573 670
4109 1862
6294 5499
1925 3453
3202 2039
3485 1841
6627 5922
4468 6020
2003 565
1391 2136
4254 1390
163 5395
5525 2539
3468 2999
6938 2346
539 4494
6439 6907
2972 6140
2264 866
1306 1644
2255 6806
6702 1019
3194 4669
3998 584
5598 2205
4236 6239
4167 4107
4080 6602
3707 793
4101 642
550 3330
2270 5940
6174 1073
3777 3413
1123 5259
3463 3917
3035 4401
4158 168
5391 2749
5650 857
4945 4887
5010 2165
6729 810
3676 2560
6682 362
1635 3497
1589 1002
3975 1121
5019 6138
4603 2418
4380 6207
4153 2586
2949 6015
4531 3470
257 2806
2626 4287
1605 4350
5488 1094
1437 5061
2867 3560
6899 2008
4483 1733
4915 6287
3725 1464
4088 1965
5147 6564
6849 580
4738 6331
4129 423
2104 622
4766 2712
2119 3050
3904 2200
247 657
3217 1838
1273 478
1369 2981
156 3873
4802 5306
4732 5062
6438 816
3360 6516
2776 6048
5571 1892
6187 5657
2648 601
1059 5742
5585 6509
354 1893
4863 3087
4499 2706
3673 5042
994 2762
4170 6031
3424 3382
6779 4535
5199 4361
2 3187
1324 734
2466 186
2657 3621
6310 6728
2579 4061
4361 5027
335 4281
1091 926
4624 5285
1324 4599
4837 694
3259 1553
4662 2979
78 390
4936 6065
4736 1998
2400 1713
582 5226
4471 5627
760 604
6220 1668
426 1962
1087 6332
3048 2900
750 715
5242 1341
1749 6956
4262 1778
5756 3475
5983 2883
4917 5316
527 5325
6204 1412
3203 5464
3559 3182
971 6609
1458 2443
3774 5582
6716 615
2705 4002
41 6748
2945 695
4198 6689
3619 3192
680 3498
2472 4838
849 3928
6372 5999
5165 224
6593 817
1069 4426
296 1874
2813 2210
2788 4489
2480 843
2400 3752
3176 6525
1874 2794
1124 1843
1907 2840
6563 1580
5353 6468
3579 4392
4301 274
2120 1854
5194 1397
5904 1684
6725 3965
1847 3234
4387 2256
3143 4891
4780 3072
5567 3506
663 1105
1799 1969
4636 4064
4059 4395
6062 3457
6262 5049
98 2995
232 1474
6800 3215
4578 3895
3855 4259
1907 5563
890 3946
705 3259
540 5312
3304 1131
6366 5466
2326 3670
3222 504
3387 1790
1313 6267
3158 6850
39 6661
6762 2297
5615 5181
705 3798
4831 3427
3675 5803
196 2935
5483 1154
6231 219
1570 3857
174 6049
5986 1721
1682 4930
4157 3526
5801 3262
2020 2051
4831 6561
6609 917
2886 910
2820 1521
1458 3064
5338 2429
1216 3663
2776 2702
6289 4021
6647 1424
834 21
3207 269
4467 360
6143 6125
446 3705
5998 5982
1020 6171
4960 4842
3482 2457
1332 6296
6057 3642
4615 619
49 5323
775 3921
3242 1779
2805 4683
1963 3508
6949 1176
4765 5438
186 6892
673 448
811 6246
748 3342
1917 4427
6482 428
5526 1773
6372 1108
4845 3052
4074 2906
6098 373
3080 3979
6883 5121
700 2021
2469 3275
5615 6570
4318 5766
5703 5153
523 3532
4076 3770
5011 1375
832 2988
1463 2300
17 6765
3191 4861
5869 2344
2928 3515
2295 4066
5615 4543
5369 3088
4821 5000
5249 6054
2065 530
1952 4925
4578 4500
6858 6185
2178 1298
3943 4918
5201 1714
4969 2112
1612 1593
334 907
483 4163
1827 3603
4319 4348
3541 2987
3499 1328
1871 992
2966 3908
4552 6547
4743 1924
1293 1239
405 324
5739 3924
5044 6086
1788 267
3549 459
1240 1834
5201 4413
2131 6346
1404 4869
275 3407
5068 947
730 2499
6790 3404
2156 131
5199 92
2587 6101
1607 3674
2488 92
1463 735
796 3451
1733 6223
4037 6566
3748 3900
6586 1428
5106 5287
5050 4745
5255 6647
3002 2536
647 2447
2866 3789
953 6924
2988 3134
1257 5991
1210 943
2488 3387
1312 308
4940 4709
730 2825
6747 1175
203 4099
5649 4581
3935 2942
6458 4398
4423 5065
6912 5851
3387 540
3761 5710
5034 1344
156 1330
1640 4308
6520 4050
2776 2042
1524 3834
2945 3913
5762 3832
3217 6176
3706 3077
5248 1851
3833 6879
3799 3558
2805 3003
2281 1453
983 1519
5242 6464
6164 2550
465 3332
5866 2558
4556 3046
1790 6845
6705 5923
1367 861
3970 6094
465 5296
5844 32
387 212
573 2959
6067 1683
3160 5400
1657 3943
745 4031
3228 5290
4228 6005
4373 5372
5844 2211
6647 4190
1442 3828
425 6793
875 1691
2859 2293
6476 6192
4671 3884
1110 4165
2949 3025
1716 2090
1079 3018
2622 4407
2053 4297
6186 1139
6954 6036
5578 6703
2970 628
5028 2867
5708 1951
27 452
239 4553
1550 5765
5303 2887
1824 5772
131 3228
50 2870
5138 2462
5013 6183
496 1829
2018 4486
1005 374
2166 1326
6010 827
59 4242
3920 1981
2178 4072
2861 2669
847 5535
2059 2621
3947 3754
2147 5798
3551 2943
5229 1570
3899 142
183 69
769 2437
866 243
959 5072
2112 2412
5249 2477
4984 3226
4914 6157
4797 1994
307 3951
98 5841
3978 5448
2322 883
282 4523
6727 1072
6263 3875
867 6529
5637 1421
3649 2932
2911 4548
2473 4004
2099 4483
6164 1113
344 851
5937 5865
687 1016
4059 3467
2924 6821
605 4434
212 5198
6305 4415
2864 6052
1108 509
6942 6462
663 589
886 6061
2491 2803
2873 2904
4771 4870
2990 867
4709 3994
3401 3631
2641 1759
503 1191
21 4015
169 3478
3348 467
5925 4151
1537 4153
1074 3394
2837 2302
4198 3658
1896 2701
5528 525
21 5496
6813 3260
2245 3751
701 6465
4918 1264
1447 5444
3088 3344
3469 1901
734 2501
3159 6504
4615 765
2580 6671
4822 2416
320 2991
3683 5410
4720 4878
92 6506
3012 1885
834 6954
3594 5556
4790 3244
5251 4346
971 4845
492 1203
644 6917
709 5680
6572 4236
2101 5273
6793 5784
3099 2595
2657 5161
4518 4075
1299 283
5580 3760
4289 2207
3500 6076
4605 6073
2256 3843
4295 1422
730 5177
2578 5536
5656 5479
3899 5451
5928 5162
5007 6041
5994 3214
1757 2096
6250 586
2787 6519
6358 4219
3361 1262
4096 5952
5683 5453
5826 4873
3799 6891
6894 1785
632 2054
4907 248
4180 4749
5625 2055
3459 1709
466 5592
3879 1292
5171 2487
6682 2496
5438 2646
5000 5564
6775 5860
2672 1727
4265 3897
4465 5377
1732 6200
2030 1571
562 3904
304 1146
5020 80
4611 2266
3895 1080
6752 4853
1521 1352
1438 27
3567 51
3133 13
3922 1560
3722 3029
3127 5342
2668 5905
2421 5993
4187 6750
4763 1751
2473 241
6393 5045
6149 5684
3060 4822
937 658
4037 2
4340 1379
1234 2667
2979 5910
558 970
1768 317
4336 2024
2349 5790
4816 5103
994 6795
202 5411
3969 19
3025 6308
3801 3465
1093 2017
855 3135
1303 809
4763 4365
3772 3013
6551 1006
951 4832
5127 5888
1603 5213
1121 3373
591 602
2147 1448
3834 3724
4184 54
621 4225
4049 2083
4946 6865
3945 2304
496 2135
4765 1430
1746 178
74 5604
5362 3867
2339 156
4784 6136
2910 6092
1557 1486
2254 5909
702 2000
3089 960
1663 6026
5606 3315
68 2196
5837 3024
3832 3902
5370 3390
6368 1235
5808 2614
199 2375
2264 253
3485 250
4425 3610
1243 3218
1000 5199
2890 5658
591 4241
3682 369
1932 4987
3243 2206
858 4976
6090 5192
4090 2602
1571 920
4630 2126
699 1900
862 4583
4720 2592
3509 4600
5993 3777
2691 3459
2498 1137
3178 5318
3313 4816
3942 4532
953 6028
264 3123
4969 2562
2931 1865
102 988
4860 6563
192 2298
3790 1098
6725 5492
5729 1525
1388 2435
386 1391
6832 5848
5801 587
5888 6117
978 4708
6777 6904
5986 2720
4751 2565
2188 5205
382 2576
55 6524
1460 2063
1609 3114
1426 5845
4085 4323
5103 1297
1924 1815
89 3901
2705 1688
6104 6628
4088 6777
5768 2244
833 4616
374 6328
4727 2941
2796 363
1226 6258
875 5180
4914 4513
5695 3070
4033 2590
1462 4102
977 5270
2858 468
5194 991
2926 5212
2217 1780
2036 6833
3412 75
3099 1321
3277 2331
1147 4565
6767 122
5696 1095
2633 3864
1419 4302
2929 4147
6820 2770
1981 3339
5146 2572
1446 2798
4355 4617
370 5396
5449 4791
1029 4024
2034 3898
3943 2402
3780 807
5884 3785
5320 3634
187 60
4998 49
1146 3335
3399 3116
2246 5768
1067 1462
6618 411
452 4164
6447 781
2322 620
1404 2275
558 3600
896 1118
4609 5375
3345 2693
1000 3023
1380 5477
4214 4516
2627 1686
6078 1360
6179 6617
4471 476
2705 424
5193 25
3832 6722
3878 2088
3361 6469
5064 2734
5049 109
3660 5237
3183 4837
6711 2130
6707 2950
1093 2970
2385 1207
6714 2401
2376 1349
4880 3640
37 3349
2572 4682
6 40
4816 815
4494 6876
2064 1023
3469 2563
4257 6084
4373 2294
4136 899
4664 1335
4111 5127
5736 830
2966 3083
5861 900
3884 5805
2274 3665
3660 495
2995 1247
4082 2197
2784 2230
6035 4934
5932 5298
3491 6022
2758 2611
392 1989
5309 708
1049 6163
4127 5631
6641 3351
1690 1528
3221 5575
2316 1336
4648 3544
3811 3043
3882 6605
5512 5124
1009 5524
1254 4623
4181 6911
2946 1677
1771 591
5011 6324
5571 161
2610 3001
6186 3780
5164 4639
4128 6780
4290 3567
3168 6395
4009 3695
3075 1794
3072 1940
4630 6216
1746 4238
3541 1566
1082 3929
4714 6932
1150 1374
2754 1470
5720 5021
4161 6165
5169 4884
3069 4730
3419 4003
4518 5197
6802 4733
4333 4304
1171 5942
1073 368
1942 3369
1158 786
3467 4702
1490 6684
3681 5900
873 5267
6415 5700
2586 3291
5390 6789
3430 845
5672 758
6369 2608
3158 1212
3802 244
1742 2866
1353 5085
4608 1178
544 5322
1647 5858
6712 4788
5765 6212
6049 5897
2304 3151
5704 3662
2120 1993
3184 1333
4605 2911
3878 3533
6666 3223
1732 6939
6491 4109
515 4121
3230 691
5702 4673
5974 2208
1657 2108
5476 2605
6396 3566
1135 5985
562 2131
3442 3880
2793 6348
2899 6003
327 3536
239 6130
5606 6502
4980 713
1447 736
819 5967
3317 941
4269 3959
3740 1381
2162 4203
4380 5123
102 2662
2628 6685
5419 747
3950 5119
264 3208
150 3922
5298 144
6472 3020
3080 5194
6193 2053
466 832
2562 2650
2431 555
1159 6133
4483 5297
4577 1029
71 5630
2477 2062
4766 296
361 4178
5823 4329
55 5246
4772 519
4898 2154
5775 5721
4477 663
6733 5136
4765 4180
5720 6912
2755 4989
3401 3854
935 6106
423 6945
3435 3855
5686 1303
6337 5745
1933 702
4884 1161
5779 595
2324 1402
2161 1110
6186 6104
5429 5831
1000 4111
3477 5619
522 2025
5211 6184
3687 928
5305 6064
6765 3666
52 1222
4852 5406
4232 229
1658 572
3385 2628
6779 2020
1782 4428
4696 1754
1492 6825
5079 1680
5997 2739
1590 3520
5863 2393
4949 6517
2112 5393
6454 3516
3998 1897
3777 5486
6625 4917
379 4932
335 5756
1418 4658
5705 3502
4017 939
5219 750
6518 2529
5686 2606
700 6585
5711 1294
5085 4902
4583 3748
3184 6673
942 554
3682 6047
925 1877
4153 3712
5009 2361
6790 5763
3434 1267
2616 1320
2193 716
3728 6863
6488 6219
544 2086
1184 4452
3216 1410
4535 6021
5089 630
573 3818
3370 5202
5437 6841
4187 3017
37 1517
2811 31
1790 3660
2701 2528
4390 444
5978 539
1506 688
2989 6437
39 775
2465 710
6719 4324
5299 4271
1962 1089
2338 123
1382 4624
1720 5547
6385 334
2261 12
3884 2982
4744 3233
562 1038
2712 6903
4732 2467
3419 3619
4664 5001
4482 923
2868 4926
2949 1258
5616 1619
5170 4620
2813 3626
6684 6707
739 5026
6285 6463
3899 4839
3354 2922
4147 3767
5698 4531
5370 4390
1141 6301
4155 447
5165 689
4713 2777
3741 2929
1209 2381
4945 4885
1996 1585
836 6078
6942 3016
4792 5204
4103 4349
964 4975
4501 6172
6128 5404
4647 5586
2661 1638
6522 6950
5178 5417
6910 4814
6919 5236
5305 4222
993 3287
5690 251
279 240
1959 3093
3124 6418
3959 898
2172 2013
3624 1248
5033 1261
6661 6688
508 1473
4305 5577
1316 2425
323 333
2934 3837
540 4409
186 3577
5249 6220
3092 5584
5295 5409
3305 6550
3358 2280
642 4985
771 4272
1912 3190
5311 5726
2478 5064
3463 4210
3524 3675
4769 3635
4590 5386
1479 406
733 460
4751 5470
2691 3882
4465 2799
287 3769
475 966
2365 4611
6560 4106
6711 5437
683 4016
4092 2745
108 1579
6447 2134
226 2908
4718 6766
4128 6883
5305 92
4170 2446
6587 146
5385 800
5962 1909
467 6794
5780 5014
2188 6283
1580 3251
2433 3744
775 6069
5523 4491
2046 3149
635 3109
2704 660
489 1715
3092 2721
2945 4214
71 6651
6702 2291
959 3598
2368 4695
1574 5862
1645 882
6461 400
6915 1334
4074 4686
6723 6745
6543 6166
1925 6493
6142 6497
5193 6458
1139 6147
5089 264
2016 6905
768 2996
539 4558
3173 222
2563 3384
3143 6691
446 3749
3489 6744
5728 2914
4464 5487
6920 208
6912 541
3841 5352
3176 3277
2990 4795
6460 112
466 4208
4711 3842
4425 6901
3094 90
6006 1905
6040 2233
2074 5110
3431 1078
6265 2975
3528 6890
2479 213
1524 5108
2371 195
415 6010
3414 1033
4142 3433
5520 5635
4016 6846
1046 3495
5830 2620
3442 3720
5336 819
1236 2414
5798 5921
4624 371
5637 1620
5219 3819
2718 3290
4385 4485
5652 1280
4924 6616
2149 2772
6917 1529
6867 3877
5311 3121
913 2085
616 4846
2399 3415
4918 5814
2499 4717
6242 5302
6381 5625
5931 1302
6064 5937
5412 1629
6755 20
2626 1873
1093 5033
1191 6553
1364 6476
6059 3199
2816 5939
5168 2064
4570 4819
862 6779
6342 5384
5826 2427
795 2103
342 1958
1330 5970
919 1116
4239 6916
2853 2213
5209 4634
5049 5376
4889 1485
386 29
1134 300
181 2195
4029 1018
2108 6265
6452 2426
2562 2752
3173 2928
4000 6538
6447 5796
764 4570
983 3236
5244 1976
654 2551
1025 79
1321 347
1146 651
5925 6290
4158 396
3366 1442
6253 2955
1382 1109
2141 6098
659 6747
5023 3170
833 2111
1722 1583
800 3419
6331 6035
1300 5071
4684 4436
334 3363
4550 3718
5480 5311
5814 5167
3802 6449
4664 6317
3728 956
3160 3952
3176 4011
5628 3551
2384 3823
5273 6217
5329 6415
2942 2185
3023 2034
2797 230
3820 6024
3582 2588
4816 3058
6414 1735
1087 3639
3994 6630
6641 2372
4838 3306
3445 4742
2529 2113
2476 5314
5802 1117
2612 5247
3116 5250
3882 2962
3822 343
480 151
3000 421
1119 4144
5785 4758
6803 933
1199 2809
1937 727
4456 3144
6378 3992
4323 2689
6343 6840
3819 2283
186 924
811 5610
412 4901
1705 4577
2814 6091
5396 3509
1198 150
4814 1567
576 6706
3072 1125
6725 4162
1052 4919
4452 5392
2691 3728
5059 995
2525 3569
2425 6895
3932 3388
2498 4780
222 671
5184 6149
6352 6625
4412 1242
3808 3466
5046 1734
127 5802
2491 4574
5728 2683
295 6111
282 2043
6278 6955
2527 1000
3306 63
2287 5005
5978 4744
2825 2160
6820 4274
6877 4333
5708 6291
3232 678
6102 1936
1880 3879
3379 5500
3683 3944
5685 6520
6733 5485
283 5962
1147 4232
6049 5895
260 3002
2053 4094
2363 6435
1373 1818
3469 1047
4005 3758
1056 1088
6236 6169
4011 4793
163 4978
1722 741
1226 6419
815 4703
1216 1250
4868 4070
821 6039
2133 1127
6167 3108
6904 1331
610 667
4917 1208
283 639
3280 1524
3581 403
1862 24
2808 6242
5817 5145
326 4282
3422 3849
4436 6382
4443 3874
4360 6723
5391 171
91 4563
1092 6931
1768 4909
1862 5441
1280 4729
1839 6353
3394 1345
4999 4701
6760 6783
898 3739
1918 3028
6013 65
3725 4633
854 3862
6151 6710
6178 2328
5865 470
2259 1769
3499 1518
6024 1795
136 6816
543 2181
4065 5374
1896 3318
4744 1491
2385 5120
6551 2673
5155 4796
17 680
3430 1346
235 5546
3394 1416
3441 5737
5581 2324
6637 5958
1455 1595
1612 731
2373 4293
6283 5760
2711 6131
1120 349
1121 5102
6368 1649
3453 432
2591 3356
5437 3308
3392 4152
1914 1881
5867 5206
1047 3281
2802 893
3400 3636
1873 3297
373 1377
41 1396
1540 2262
3698 4327
3345 1009
3959 4382
2704 77
4014 737
4116 210
5916 6836
5009 6675
4096 4283
2732 3530
3539 4082
5711 6121
3167 301
1215 4467
3183 1365
57 76
644 6334
1916 3198
2293 6333
6141 1685
352 3197
847 2330
769 6694
2692 2454
6409 5010
1441 5612
6334 1384
131 2500
2976 4196
496 4998
2787 6669
1391 346
307 4371
4557 3822
2810 1855
6704 6842
2713 231
159 3685
2986 4046
5911 5679
4108 2556
1771 5115
4519 2842
2001 207
3080 1273
2612 3525
3419 1557
49 5537
4660 3963
2859 3807
5140 5849
6486 6096
3976 1768
3227 1935
236 3878
549 3991
3243 2229
4065 646
2096 5977
2397 4460
5650 2645
6265 3719
4735 6958
2597 870
5323 5126
